FAIDs
249357450
249373671
249379108
249379066
249357583
249366188
249376955
249366832
249387556
249360967
249371659
249360306
249363250
249396839
249367996
249353830
249353434
249365784
249377045
249384173
249353947
249376666
249361361
249363581
249371303
249400359
249381906
249380221
249367905
249370586
249360629
249355827
249378845
249358284
249352527
249366162
249361197
249357799
249380635
249352402
249372905
249354341
249356502
249361163
249387242
249387317
249369885
249358854
249388513
249368523
249383159
249383472
249402876
249366048
249380619
249373341
249373465
249392127
249372715
249360116
249357633
249379678
249399213
249377821
249369273