FAIDs
249757667
249764036
249766825
249733825
249752882
249743899
249750407
249804949
249805144
249765983
249801325
249750720
249786377
249810631
249799115
249836057
249801788
249831306
249814518
249790544
249833823
249747015
249758673
249754912
249734690
249735929
249720665
249763889
249766742
249762808
249720756
249733932
249750563
249783671
249773607
249807942
249811829
249829672
249838590
249799222
249825852
249779075
249782798
249815895
249714270
249731316
249806019
249816182
249780347
249715293
249757428
249766387
249753690
249724535
249710450
249727140
249716986
249772989
249733965
249727462
249762048
249754383
249751751
249769514
249770769
249816620
249813056
249831132
249819681
249846247
249785254
249823782
249814807
249718982
249737016
249759903
249758632
249713967
249743451
249723412
249733585
249768219
249765637
249731159
249719741
249797465
249787334
249773466
249823170
249802711
249829714
249781410
249771270
249828518
249807090
249789306
249832734
249794579
249795873
249813700
249753443
249697624
249760133
249710435
249758954
249718487
249772906
249748914
249769274
249765728
249731290
249757048
249757204
249788514
249794991
249814039
249764812
249769928
249792672
249790197
249834755
249813221
249839804
249800657
249805821
249796871
249780107
249805979
249847690
249814922
249839341
249728007
249758541
249739699
249725748
249746207
249765306
249772732
249751371
249714312
249741422
249768342
249781782
249732454
249790874
249759358
249749425
249792441
249814096
249823105
