FAIDS
249620311
249642349
249613811
249638859
249626631
249706409
249453317
249740598
249649310
249673492
249668575
249661471
249696303
249720327
249738170
249696121
249671371
249688201
249654807
249677717
249732801
249657743
249653924
249679176
249727942
249681073
249743212
249660820
249680430
249660648
249636697
249687203
249664210
249618935
249703083
249570144
249643909
249646852
249683426
249744442
249687146
249717588
249654575
249647538
249667759
249740689
249682667
249665084
249665159
249660374
249736588
249631722
249645086
249642570
249636309
249691411
249695644
249674680
249681974
249590712
249658444
249635046