FAIDs
249714411
249743782
249786922
249712027
249739145
249758194
249748120
249773235
249773292
249814047
249796277
249773532
249774910
249805292
249810557
249834656
249806670
249779711
249802927
249814526
249813304
249787920
249836339
249803214
249832809
249698838
249708975
249733338
249757626
249725961
249710559
249713231
249765504
249710757
249790809
249758129
249722372
249744111
249796087
249773318
249787193
249803958
249816810
249772468
249790155
249782228
249764788
249781162
249761032
249807900
249832171
249845033
249833773
249785304
249799461
249816042
249822586
249798471
249851544
249849076
249723131
249712878
249730797
249699125
249756321
249736141
249769019
249760356
249721002
249739012
249775735
249759432
249784539
249819178
249769803
249806621
249834698
249776451
249805771
249783929
249836362
249805904
249827619
249784240
249847815
249860446
249817537
249840323
249715525
249720582
249711532
249705559
249716838
249772807
249768227
249729823
249785601
249743873
249750373
249799990
249789801
249784687
249787367
249782350
249781139
249828179
249832056
249786294
249820713
249799107
249778960
249806944
249783911
249779943
249838780
249794256
249785353
249827593
249831686
249715319
249726944
249748575
249741158
249729591
249734849
249762766
249763988
249772922
249732355
249731167
249771817
249776964
249757147
249779513
249759697
249788639
249800236
249833328
249826967
249815523
249838616
249799248
249827171
249801853
249783879
249800715
249824780
249832718
249832775
249785502
249811308
