FAIDs
249717935
249739566
249749672
249728270
249765140
249742230
249739814
249749821
249770165
249730862
249752684
249752734
249733809
249747635
249724774
249774514
249781980
249777012
249782244
249820507
249768805
249809542
249752841
249837220
249785080
249807025
249801960
249832577
249818543
249818584
249848847
249812215
249863002
249738337
249702846
249720640
249747312
249711599
249751298
249742602
249771551
249725995
249758079
249750431
249767229
249785999
249810219
249772146
249788571
249774852
249814245
249829680
249829748
249804154
249839788
249789116
249790437
249826066
249780164
249841420
249803545
249728353
249762949
249730003
249775867
249763517
249819137
249784695
249793886
249819350
249791492
249815630
249783846
249832338
249781535
249822297
249791831
249785296
249842642
249762378
249740838
249712977
249714056
249738535
249699117
249699141
249705492
249707803
249720798
249776642
249774191
249742842
249735168
249778010
249775602
249711979
249797200
249724899
249801135
249794835
249744137
249794918
249796194
249771056
249791245
249784877
249800558
249815606
249841115
249807173
249830183
249835331
249766288
249713934
249740911
249743410
249712936
249721705
249737370
249754003
249754169
249769373
249754359
249763293
249771957
249729971
249803677
249804956
249800293
249770082
249773771
249799164
249825845
249844960
249837675
249813452
249797010
249788126
249843830
249846536
249831785
249740853
249737107
249725573
249749730
249761511
249711714
249732215
249729674
249728676
