FAIDs
249834623
249786542
249798133
249809559
249827346
249780149
249808411
249855271
249840299
249724196
249715327
249726720
249720434
249719147
249697749
249740986
249754995
249749805
249765264
249760166
249771478
249718370
249730938
249719519
249765652
249708140
249742933
249776931
249788464
249808965
249812942
249790106
249830977
249800533
249814344
249829797
249787748
249814492
249839887
249833740
249803230
249828567
249836495
249842659
249745845
249695255
249749748
249747296
249732033
249769035
249708157
249765702
249782004
249748096
249789660
249805078
249760877
249759705
249776188
249776253
249777541
249825761
249787771
249782814
249833724
249821083
249833781
249836511
249782897
249852690
249797176
249726662
249737040
249728171
249753559
249737198
249737230
249765546
249757899
249777962
249746488
249792060
249745571
249775800
249797416
249789736
249798638
249767435
249775024
249827015
249809344
249772682
249795485
249822412
249780263
249719022
249721713
249749854
249748724
249718420
249741497
249745407
249727538
249764507
249770900
249767369
249755810
249770983
249821729
249779679
249830951
249781329
249815747
249805730
249831371
249819624
249832569
249834995
249843749
249845108
249824954
249851460
249821315
249757311
249739582
249725680
249737263
249742446
249752650
249733551
249726027
249740150
249788233
249746587
249758301
249764747
249803883
249781253
249781360
249785130
249825902
249794389
249811233
249808536
249704156
249715681
249746090
249727215
249722091
249714411
