FAIDS
249717109
249775446
249708132
249783168
249812785
249817958
249817081
249815697
249805722
249791765
249829946
249798356
249843780
249847559
249837790
249850173
249780362
249702663
249748443
249762527
249736232
249768060
249747585
249796012
249736430
249755422
249774357
249776857
249787003
249757006
249746728
249789702
249792367
249807744
249814104
249778515
249823071
249766213
249836016
249782632
249787821
249790429
249808221
249808239
249811126
249842519
249811159
249824012
249850298
249733205
249761180
249725672
249753633
249753732
249751223
249727173
249722158
249777939
249753153
249751835
249763582
249816794
249791351
249801507
249843699
249805896
249804626
249837907
249821323
249720368
249720517
249728221
249718032
249718057
249716663
249726894
249751124
249757550
249735986
249760190
249748690
249736240
249716937
249756610
249771650
249719725
249711961
249754581
249787201
249796202
249773482
249762147
249809112
249831231
249833690
249809625
249840075
249780230
249808445
249812454
249827809
249847906
249702648
249754813
249763723
249756123
249749763
249761438
249733494
249739897
249775305
249719691
249719709
249710740
249794686
249739095
249766056
249824301
249792532
249807983
249792714
249776535
249819699
249834979
249846239
249823774
249837741
249836602
249800921
249846494
249845314
249756081
249699083
249766486
249758830
249771502
249728536
249733619
249707969
249769068
249771627
249719618
249720970
249774316
249727512
249763335
249764671
249783457
249800152
249750613
